  0.103549E-04  0.166783E+05  0.166783E+05  0.222378E+05  0.222378E+05  0.000000E+00  0.166783E+05  0.166783E+05  0.232813E+05 -0.618776E+00  0.176107E+05  0.176107E+05  0.220086E+01
  0.114339E-04  0.166783E+05  0.166783E+05  0.222378E+05  0.222378E+05  0.000000E+00  0.166783E+05  0.166783E+05  0.232813E+05 -0.618776E+00  0.176107E+05  0.176107E+05  0.243019E+01
  0.126253E-04  0.166783E+05  0.166783E+05  0.222378E+05  0.222378E+05  0.000000E+00  0.166783E+05  0.166783E+05  0.232813E+05 -0.618776E+00  0.176107E+05  0.176107E+05  0.268341E+01
  0.139408E-04  0.166783E+05  0.166783E+05  0.222378E+05  0.222378E+05  0.000000E+00  0.166783E+05  0.166783E+05  0.232813E+05 -0.618776E+00  0.176107E+05  0.176107E+05  0.296301E+01
  0.153934E-04  0.166783E+05  0.166783E+05  0.222378E+05  0.222378E+05  0.000000E+00  0.166783E+05  0.166783E+05  0.232813E+05 -0.618776E+00  0.176107E+05  0.176107E+05  0.327175E+01
  0.169973E-04  0.166783E+05  0.166783E+05  0.222378E+05  0.222378E+05  0.000000E+00  0.166783E+05  0.166783E+05  0.232813E+05 -0.618776E+00  0.176107E+05  0.176107E+05  0.361266E+01
  0.187684E-04  0.166783E+05  0.166783E+05  0.222378E+05  0.222378E+05  0.000000E+00  0.166783E+05  0.166783E+05  0.232813E+05 -0.618776E+00  0.176107E+05  0.176107E+05  0.398909E+01
  0.207240E-04  0.166783E+05  0.166783E+05  0.222378E+05  0.222377E+05  0.000000E+00  0.166783E+05  0.166783E+05  0.232813E+05 -0.618776E+00  0.176107E+05  0.176107E+05  0.440474E+01
  0.228834E-04  0.166783E+05  0.166783E+05  0.222378E+05  0.222377E+05  0.000000E+00  0.166783E+05  0.166783E+05  0.232813E+05 -0.618776E+00  0.176107E+05  0.176107E+05  0.486370E+01
  0.252678E-04  0.166783E+05  0.166783E+05  0.222378E+05  0.222377E+05  0.000000E+00  0.166783E+05  0.166783E+05  0.232813E+05 -0.618775E+00  0.176107E+05  0.176107E+05  0.537048E+01
  0.279006E-04  0.166783E+05  0.166783E+05  0.222377E+05  0.222377E+05  0.000000E+00  0.166783E+05  0.166783E+05  0.232813E+05 -0.618775E+00  0.176107E+05  0.176107E+05  0.593007E+01
  0.308078E-04  0.166783E+05  0.166783E+05  0.222377E+05  0.222377E+05  0.000000E+00  0.166783E+05  0.166783E+05  0.232813E+05 -0.618775E+00  0.176107E+05  0.176107E+05  0.654797E+01
  0.340179E-04  0.166783E+05  0.166783E+05  0.222377E+05  0.222377E+05  0.000000E+00  0.166783E+05  0.166783E+05  0.232813E+05 -0.618775E+00  0.176107E+05  0.176107E+05  0.723025E+01
  0.375625E-04  0.166783E+05  0.166783E+05  0.222377E+05  0.222377E+05  0.000000E+00  0.166783E+05  0.166783E+05  0.232813E+05 -0.618775E+00  0.176107E+05  0.176107E+05  0.798362E+01
  0.414764E-04  0.166783E+05  0.166783E+05  0.222377E+05  0.222377E+05  0.000000E+00  0.166783E+05  0.166783E+05  0.232812E+05 -0.618775E+00  0.176107E+05  0.176107E+05  0.881549E+01
  0.457981E-04  0.166783E+05  0.166783E+05  0.222377E+05  0.222377E+05  0.000000E+00  0.166783E+05  0.166783E+05  0.232812E+05 -0.618775E+00  0.176107E+05  0.176107E+05  0.973404E+01
  0.505701E-04  0.166783E+05  0.166783E+05  0.222377E+05  0.222376E+05  0.000000E+00  0.166783E+05  0.166783E+05  0.232812E+05 -0.618775E+00  0.176107E+05  0.176106E+05  0.107483E+02
  0.558394E-04  0.166783E+05  0.166783E+05  0.222377E+05  0.222376E+05  0.000000E+00  0.166783E+05  0.166783E+05  0.232812E+05 -0.618774E+00  0.176107E+05  0.176106E+05  0.118682E+02
  0.616577E-04  0.166783E+05  0.166783E+05  0.222377E+05  0.222376E+05  0.000000E+00  0.166783E+05  0.166783E+05  0.232812E+05 -0.618774E+00  0.176107E+05  0.176106E+05  0.131049E+02
  0.680823E-04  0.166783E+05  0.166782E+05  0.222376E+05  0.222375E+05  0.000000E+00  0.166783E+05  0.166783E+05  0.232812E+05 -0.618774E+00  0.176107E+05  0.176106E+05  0.144704E+02
  0.751763E-04  0.166783E+05  0.166782E+05  0.222376E+05  0.222375E+05  0.000000E+00  0.166783E+05  0.166783E+05  0.232812E+05 -0.618773E+00  0.176107E+05  0.176105E+05  0.159781E+02
  0.830095E-04  0.166783E+05  0.166782E+05  0.222376E+05  0.222374E+05  0.000000E+00  0.166783E+05  0.166783E+05  0.232812E+05 -0.618773E+00  0.176107E+05  0.176105E+05  0.176430E+02
  0.916589E-04  0.166783E+05  0.166782E+05  0.222376E+05  0.222373E+05  0.000000E+00  0.166783E+05  0.166783E+05  0.232811E+05 -0.618772E+00  0.176107E+05  0.176104E+05  0.194813E+02
  0.101209E-03  0.166783E+05  0.166781E+05  0.222375E+05  0.222373E+05  0.000000E+00  0.166783E+05  0.166783E+05  0.232811E+05 -0.618771E+00  0.176107E+05  0.176103E+05  0.215112E+02
  0.111755E-03  0.166783E+05  0.166781E+05  0.222374E+05  0.222371E+05  0.000000E+00  0.166782E+05  0.166782E+05  0.232811E+05 -0.618770E+00  0.176107E+05  0.176103E+05  0.237526E+02
  0.123400E-03  0.166783E+05  0.166780E+05  0.222374E+05  0.222370E+05  0.000000E+00  0.166782E+05  0.166782E+05  0.232810E+05 -0.618769E+00  0.176106E+05  0.176102E+05  0.262275E+02
  0.136258E-03  0.166782E+05  0.166780E+05  0.222373E+05  0.222368E+05  0.000000E+00  0.166782E+05  0.166782E+05  0.232809E+05 -0.618767E+00  0.176106E+05  0.176100E+05  0.289602E+02
  0.150455E-03  0.166782E+05  0.166779E+05  0.222372E+05  0.222366E+05  0.000000E+00  0.166782E+05  0.166782E+05  0.232809E+05 -0.618766E+00  0.176106E+05  0.176099E+05  0.319777E+02
  0.166133E-03  0.166782E+05  0.166778E+05  0.222371E+05  0.222364E+05  0.000000E+00  0.166781E+05  0.166781E+05  0.232808E+05 -0.618763E+00  0.176106E+05  0.176097E+05  0.353096E+02
  0.183443E-03  0.166782E+05  0.166777E+05  0.222369E+05  0.222361E+05  0.000000E+00  0.166781E+05  0.166781E+05  0.232807E+05 -0.618761E+00  0.176105E+05  0.176094E+05  0.389886E+02
  0.202557E-03  0.166781E+05  0.166776E+05  0.222367E+05  0.222357E+05  0.000000E+00  0.166780E+05  0.166780E+05  0.232805E+05 -0.618757E+00  0.176105E+05  0.176092E+05  0.430509E+02
  0.223663E-03  0.166781E+05  0.166774E+05  0.222365E+05  0.222352E+05  0.000000E+00  0.166780E+05  0.166780E+05  0.232804E+05 -0.618753E+00  0.176104E+05  0.176088E+05  0.475364E+02
  0.246969E-03  0.166780E+05  0.166772E+05  0.222362E+05  0.222347E+05  0.000000E+00  0.166779E+05  0.166779E+05  0.232802E+05 -0.618748E+00  0.176103E+05  0.176084E+05  0.524891E+02
  0.272702E-03  0.166780E+05  0.166769E+05  0.222358E+05  0.222340E+05  0.000000E+00  0.166778E+05  0.166778E+05  0.232800E+05 -0.618742E+00  0.176102E+05  0.176079E+05  0.579578E+02
  0.301117E-03  0.166779E+05  0.166766E+05  0.222354E+05  0.222332E+05  0.000000E+00  0.166777E+05  0.166777E+05  0.232797E+05 -0.618735E+00  0.176101E+05  0.176072E+05  0.639962E+02
  0.332492E-03  0.166778E+05  0.166762E+05  0.222349E+05  0.222322E+05  0.000000E+00  0.166775E+05  0.166775E+05  0.232793E+05 -0.618726E+00  0.176100E+05  0.176065E+05  0.706634E+02
  0.367137E-03  0.166777E+05  0.166758E+05  0.222343E+05  0.222310E+05  0.000000E+00  0.166774E+05  0.166774E+05  0.232789E+05 -0.618715E+00  0.176098E+05  0.176055E+05  0.780250E+02
  0.405392E-03  0.166775E+05  0.166752E+05  0.222335E+05  0.222295E+05  0.000000E+00  0.166772E+05  0.166772E+05  0.232784E+05 -0.618702E+00  0.176097E+05  0.176044E+05  0.861532E+02
  0.447633E-03  0.166773E+05  0.166746E+05  0.222326E+05  0.222277E+05  0.000000E+00  0.166769E+05  0.166769E+05  0.232777E+05 -0.618685E+00  0.176094E+05  0.176030E+05  0.951278E+02
  0.494275E-03  0.166771E+05  0.166737E+05  0.222314E+05  0.222254E+05  0.000000E+00  0.166766E+05  0.166766E+05  0.232769E+05 -0.618665E+00  0.176091E+05  0.176013E+05  0.105037E+03
  0.545777E-03  0.166769E+05  0.166727E+05  0.222300E+05  0.222227E+05  0.000000E+00  0.166762E+05  0.166762E+05  0.232760E+05 -0.618641E+00  0.176088E+05  0.175992E+05  0.115977E+03
  0.602646E-03  0.166766E+05  0.166715E+05  0.222283E+05  0.222194E+05  0.000000E+00  0.166758E+05  0.166758E+05  0.232748E+05 -0.618612E+00  0.176083E+05  0.175967E+05  0.128055E+03
  0.665440E-03  0.166762E+05  0.166700E+05  0.222263E+05  0.222154E+05  0.000000E+00  0.166752E+05  0.166752E+05  0.232734E+05 -0.618576E+00  0.176078E+05  0.175936E+05  0.141391E+03
  0.734777E-03  0.166757E+05  0.166682E+05  0.222237E+05  0.222105E+05  0.000000E+00  0.166745E+05  0.166745E+05  0.232717E+05 -0.618532E+00  0.176072E+05  0.175899E+05  0.156112E+03
  0.811339E-03  0.166751E+05  0.166660E+05  0.222207E+05  0.222046E+05  0.000000E+00  0.166737E+05  0.166737E+05  0.232696E+05 -0.618478E+00  0.176064E+05  0.175853E+05  0.172365E+03
  0.895878E-03  0.166744E+05  0.166633E+05  0.222169E+05  0.221973E+05  0.000000E+00  0.166727E+05  0.166727E+05  0.232670E+05 -0.618413E+00  0.176054E+05  0.175797E+05  0.190305E+03
  0.989226E-03  0.166736E+05  0.166599E+05  0.222123E+05  0.221884E+05  0.000000E+00  0.166714E+05  0.166714E+05  0.232639E+05 -0.618334E+00  0.176042E+05  0.175729E+05  0.210109E+03
  0.109230E-02  0.166725E+05  0.166559E+05  0.222068E+05  0.221776E+05  0.000000E+00  0.166699E+05  0.166699E+05  0.232601E+05 -0.618237E+00  0.176028E+05  0.175646E+05  0.231967E+03
  0.120612E-02  0.166712E+05  0.166510E+05  0.222000E+05  0.221644E+05  0.000000E+00  0.166681E+05  0.166681E+05  0.232555E+05 -0.618119E+00  0.176011E+05  0.175545E+05  0.256090E+03
  0.133179E-02  0.166697E+05  0.166450E+05  0.221917E+05  0.221484E+05  0.000000E+00  0.166658E+05  0.166658E+05  0.232498E+05 -0.617975E+00  0.175990E+05  0.175422E+05  0.282711E+03
  0.147056E-02  0.166678E+05  0.166377E+05  0.221816E+05  0.221288E+05  0.000000E+00  0.166631E+05  0.166631E+05  0.232429E+05 -0.617800E+00  0.175964E+05  0.175272E+05  0.312084E+03
  0.162379E-02  0.166655E+05  0.166288E+05  0.221693E+05  0.221050E+05  0.000000E+00  0.166597E+05  0.166597E+05  0.232345E+05 -0.617586E+00  0.175932E+05  0.175090E+05  0.344487E+03
  0.179298E-02  0.166627E+05  0.166180E+05  0.221543E+05  0.220760E+05  0.000000E+00  0.166557E+05  0.166557E+05  0.232243E+05 -0.617326E+00  0.175894E+05  0.174867E+05  0.380228E+03
  0.197981E-02  0.166593E+05  0.166048E+05  0.221360E+05  0.220407E+05  0.000000E+00  0.166507E+05  0.166507E+05  0.232118E+05 -0.617008E+00  0.175847E+05  0.174595E+05  0.419640E+03
  0.218610E-02  0.166551E+05  0.165887E+05  0.221137E+05  0.219976E+05  0.000000E+00  0.166446E+05  0.166446E+05  0.231967E+05 -0.616622E+00  0.175790E+05  0.174265E+05  0.463086E+03
  0.241388E-02  0.166500E+05  0.165691E+05  0.220866E+05  0.219453E+05  0.000000E+00  0.166373E+05  0.166373E+05  0.231782E+05 -0.616151E+00  0.175721E+05  0.173862E+05  0.510963E+03
  0.266540E-02  0.166438E+05  0.165453E+05  0.220536E+05  0.218816E+05  0.000000E+00  0.166283E+05  0.166283E+05  0.231557E+05 -0.615577E+00  0.175636E+05  0.173372E+05  0.563699E+03
  0.294313E-02  0.166362E+05  0.165162E+05  0.220134E+05  0.218042E+05  0.000000E+00  0.166173E+05  0.166173E+05  0.231283E+05 -0.614879E+00  0.175533E+05  0.172776E+05  0.621756E+03
  0.324980E-02  0.166270E+05  0.164808E+05  0.219644E+05  0.217102E+05  0.000000E+00  0.166040E+05  0.166040E+05  0.230949E+05 -0.614030E+00  0.175407E+05  0.172050E+05  0.685628E+03
  0.358842E-02  0.166158E+05  0.164377E+05  0.219048E+05  0.215960E+05  0.000000E+00  0.165878E+05  0.165878E+05  0.230544E+05 -0.612996E+00  0.175254E+05  0.171168E+05  0.755840E+03
  0.396232E-02  0.166022E+05  0.163853E+05  0.218323E+05  0.214575E+05  0.000000E+00  0.165681E+05  0.165681E+05  0.230051E+05 -0.611738E+00  0.175068E+05  0.170095E+05  0.832946E+03
  0.437518E-02  0.165856E+05  0.163216E+05  0.217441E+05  0.212896E+05  0.000000E+00  0.165440E+05  0.165440E+05  0.229452E+05 -0.610210E+00  0.174841E+05  0.168793E+05  0.917518E+03
  0.483107E-02  0.165654E+05  0.162442E+05  0.216370E+05  0.210866E+05  0.000000E+00  0.165148E+05  0.165148E+05  0.228726E+05 -0.608354E+00  0.174565E+05  0.167212E+05  0.101014E+04
  0.533445E-02  0.165408E+05  0.161501E+05  0.215070E+05  0.208413E+05  0.000000E+00  0.164793E+05  0.164793E+05  0.227845E+05 -0.606102E+00  0.174229E+05  0.165297E+05  0.111140E+04
  0.589029E-02  0.165110E+05  0.160360E+05  0.213492E+05  0.205456E+05  0.000000E+00  0.164362E+05  0.164362E+05  0.226778E+05 -0.603371E+00  0.173820E+05  0.162978E+05  0.122183E+04
  0.650404E-02  0.164747E+05  0.158977E+05  0.211581E+05  0.201901E+05  0.000000E+00  0.163839E+05  0.163839E+05  0.225487E+05 -0.600065E+00  0.173324E+05  0.160174E+05  0.134195E+04
  0.718175E-02  0.164307E+05  0.157303E+05  0.209268E+05  0.197640E+05  0.000000E+00  0.163205E+05  0.163205E+05  0.223930E+05 -0.596069E+00  0.172722E+05  0.156793E+05  0.147214E+04
  0.793006E-02  0.163774E+05  0.155280E+05  0.206473E+05  0.192552E+05  0.000000E+00  0.162437E+05  0.162437E+05  0.222054E+05 -0.591246E+00  0.171991E+05  0.152724E+05  0.161265E+04
  0.875636E-02  0.163128E+05  0.152840E+05  0.203105E+05  0.186504E+05  0.000000E+00  0.161509E+05  0.161509E+05  0.219800E+05 -0.585439E+00  0.171105E+05  0.147841E+05  0.176346E+04
  0.966875E-02  0.162347E+05  0.149904E+05  0.199054E+05  0.179356E+05  0.000000E+00  0.160388E+05  0.160388E+05  0.217101E+05 -0.578467E+00  0.170033E+05  0.142003E+05  0.192424E+04
  0.106762E-01  0.161404E+05  0.146381E+05  0.194197E+05  0.170968E+05  0.000000E+00  0.159040E+05  0.159040E+05  0.213881E+05 -0.570124E+00  0.168738E+05  0.135054E+05  0.209418E+04
  0.117886E-01  0.160269E+05  0.142169E+05  0.188397E+05  0.161207E+05  0.000000E+00  0.157421E+05  0.157421E+05  0.210059E+05 -0.560181E+00  0.167177E+05  0.126828E+05  0.227181E+04
  0.130170E-01  0.158906E+05  0.137157E+05  0.181501E+05  0.149970E+05  0.000000E+00  0.155484E+05  0.155484E+05  0.205548E+05 -0.548390E+00  0.165299E+05  0.117157E+05  0.245482E+04
  0.143733E-01  0.157275E+05  0.131224E+05  0.173350E+05  0.137202E+05  0.000000E+00  0.153175E+05  0.153175E+05  0.200258E+05 -0.534490E+00  0.163048E+05  0.105884E+05  0.263981E+04
  0.158710E-01  0.155330E+05  0.124247E+05  0.163781E+05  0.122930E+05  0.000000E+00  0.150438E+05  0.150438E+05  0.194109E+05 -0.518224E+00  0.160360E+05  0.928831E+04  0.282197E+04
  0.175247E-01  0.153021E+05  0.116113E+05  0.152648E+05  0.107389E+05  0.000000E+00  0.147213E+05  0.147213E+05  0.187043E+05 -0.499461E+00  0.157196E+05  0.781253E+04  0.299482E+04
  0.193507E-01  0.150296E+05  0.106724E+05  0.139832E+05  0.907559E+04  0.000000E+00  0.143439E+05  0.143439E+05  0.179000E+05 -0.477850E+00  0.153430E+05  0.616007E+04  0.314984E+04
  0.213670E-01  0.147101E+05  0.960259E+04  0.125276E+05  0.735935E+04  0.000000E+00  0.139063E+05  0.139063E+05  0.169986E+05 -0.453377E+00  0.149011E+05  0.435411E+04  0.327634E+04
  0.235934E-01  0.143384E+05  0.840313E+04  0.109022E+05  0.565984E+04  0.000000E+00  0.134043E+05  0.134043E+05  0.160049E+05 -0.426068E+00  0.143865E+05  0.243823E+04  0.336140E+04
  0.260518E-01  0.139099E+05  0.708552E+04  0.912567E+04  0.407000E+04  0.000000E+00  0.128359E+05  0.128359E+05  0.149317E+05 -0.396201E+00  0.137947E+05  0.488408E+03  0.339018E+04
  0.287663E-01  0.134212E+05  0.567554E+04  0.723689E+04  0.268796E+04  0.000000E+00  0.122022E+05  0.122022E+05  0.137987E+05 -0.364248E+00  0.131224E+05 -0.138255E+04  0.334684E+04
  0.317637E-01  0.128707E+05  0.421737E+04  0.529974E+04  0.160251E+04  0.000000E+00  0.115089E+05  0.115089E+05  0.126336E+05 -0.330949E+00  0.123705E+05 -0.302076E+04  0.321624E+04
  0.350734E-01  0.122594E+05  0.277668E+04  0.340661E+04  0.867316E+03  0.000000E+00  0.107670E+05  0.107670E+05  0.114702E+05 -0.297318E+00  0.115458E+05 -0.423669E+04  0.298677E+04
  0.387279E-01  0.115911E+05  0.144081E+04  0.167715E+04  0.473264E+03  0.000000E+00  0.999370E+04  0.999370E+04  0.103455E+05 -0.264572E+00  0.106619E+05 -0.482604E+04  0.265443E+04
  0.427633E-01  0.108734E+05  0.313388E+03  0.248831E+03  0.334865E+03  0.000000E+00  0.921146E+04  0.921146E+04  0.929579E+04 -0.234000E+00  0.974001E+04 -0.461304E+04  0.222781E+04
  0.470396E-01  0.101467E+05 -0.475272E+03 -0.715676E+03  0.311060E+03  0.000000E+00  0.847504E+04  0.847504E+04  0.838720E+04 -0.207762E+00  0.884429E+04 -0.357776E+04  0.175280E+04
  0.513159E-01  0.946285E+04 -0.876672E+03 -0.117080E+04  0.276467E+03  0.000000E+00  0.783565E+04  0.783565E+04  0.766373E+04 -0.187200E+00  0.804362E+04 -0.199571E+04  0.129854E+04
  0.555922E-01  0.882653E+04 -0.954520E+03 -0.121513E+04  0.193322E+03  0.000000E+00  0.728722E+04  0.728722E+04  0.709742E+04 -0.171409E+00  0.734121E+04 -0.204247E+03  0.900896E+03
  0.598686E-01  0.823979E+04 -0.793693E+03 -0.970927E+03  0.894426E+02  0.000000E+00  0.681813E+04  0.681813E+04  0.665858E+04 -0.159407E+00  0.673350E+04  0.146861E+04  0.583706E+03
  0.641449E-01  0.770263E+04 -0.487462E+03 -0.566297E+03  0.882411E+01  0.000000E+00  0.641370E+04  0.641370E+04  0.631538E+04 -0.150211E+00  0.621215E+04  0.275479E+04  0.357756E+03
  0.684212E-01  0.721367E+04 -0.125380E+03 -0.118000E+03 -0.243535E+02  0.000000E+00  0.605867E+04  0.605867E+04  0.603500E+04 -0.142908E+00  0.576629E+04  0.348189E+04  0.221608E+03
  0.726976E-01  0.677027E+04  0.216644E+03  0.280948E+03 -0.166714E+02  0.000000E+00  0.573888E+04  0.573888E+04  0.578616E+04 -0.136691E+00  0.538400E+04  0.359033E+04  0.163766E+03
  0.769739E-01  0.636921E+04  0.483254E+03  0.568783E+03  0.409857E+02  0.000000E+00  0.544290E+04  0.544290E+04  0.554770E+04 -0.131083E+00  0.505565E+04  0.313238E+04  0.165844E+03
  0.812502E-01  0.600629E+04  0.642444E+03  0.716418E+03  0.651437E+02  0.000000E+00  0.516215E+04  0.516215E+04  0.529580E+04 -0.125334E+00  0.476701E+04  0.224537E+04  0.205998E+03
  0.855265E-01  0.567743E+04  0.685903E+03  0.725251E+03  0.660811E+02  0.000000E+00  0.489188E+04  0.489188E+04  0.502719E+04 -0.119314E+00  0.451007E+04  0.112754E+04  0.262509E+03
  0.898029E-01  0.537848E+04  0.625377E+03  0.620087E+03  0.479587E+02  0.000000E+00  0.463045E+04  0.463045E+04  0.474510E+04 -0.112975E+00  0.427702E+04 -0.632414E+01  0.316590E+03
  0.951331E-01  0.504182E+04  0.445219E+03  0.389780E+03  0.203436E+02  0.000000E+00  0.431842E+04  0.431842E+04  0.438930E+04 -0.104818E+00  0.401107E+04 -0.115190E+04  0.360223E+03
  0.100463E+00  0.473891E+04  0.211844E+03  0.129340E+03  0.843569E+01  0.000000E+00  0.402645E+04  0.402645E+04  0.405018E+04 -0.967962E-01  0.376531E+04 -0.176417E+04  0.365327E+03
  0.105793E+00  0.446430E+04 -0.836524E+01 -0.877571E+02  0.143075E+02  0.000000E+00  0.376041E+04  0.376041E+04  0.374674E+04 -0.893983E-01  0.353594E+04 -0.175607E+04  0.332021E+03
  0.111124E+00  0.421376E+04 -0.165107E+03 -0.216044E+03  0.239954E+02  0.000000E+00  0.352462E+04  0.352462E+04  0.348962E+04 -0.829888E-01  0.332204E+04 -0.121440E+04  0.270965E+03
  0.116454E+00  0.398408E+04 -0.233168E+03 -0.243613E+03  0.246772E+02  0.000000E+00  0.332038E+04  0.332038E+04  0.328062E+04 -0.777234E-01  0.312425E+04 -0.355424E+03  0.198330E+03
  0.121784E+00  0.377290E+04 -0.213817E+03 -0.187853E+03  0.156817E+02  0.000000E+00  0.314548E+04  0.314548E+04  0.311441E+04 -0.735448E-01  0.294349E+04  0.548219E+03  0.130547E+03
  0.127114E+00  0.357839E+04 -0.129616E+03 -0.844510E+02  0.589406E+01  0.000000E+00  0.299483E+04  0.299483E+04  0.298072E+04 -0.702338E-01  0.278012E+04  0.124676E+04  0.800667E+02
  0.132444E+00  0.339909E+04 -0.150300E+02  0.261048E+02  0.323733E+01  0.000000E+00  0.286179E+04  0.286179E+04  0.286676E+04 -0.674870E-01  0.263351E+04  0.157691E+04  0.529518E+02
  0.137775E+00  0.323374E+04  0.942132E+02  0.110479E+03  0.749514E+01  0.000000E+00  0.273965E+04  0.273965E+04  0.275995E+04 -0.649976E-01  0.250213E+04  0.149466E+04  0.485364E+02
  0.143105E+00  0.308115E+04  0.170198E+03  0.150019E+03  0.121954E+02  0.000000E+00  0.262303E+04  0.262303E+04  0.265084E+04 -0.625221E-01  0.238379E+04  0.107213E+04  0.608372E+02
  0.148435E+00  0.294014E+04  0.198418E+03  0.142740E+03  0.118805E+02  0.000000E+00  0.250865E+04  0.250865E+04  0.253515E+04 -0.599223E-01  0.227606E+04  0.463654E+03  0.810442E+02
  0.153765E+00  0.280956E+04  0.179087E+03  0.100325E+03  0.697497E+01  0.000000E+00  0.239558E+04  0.239558E+04  0.241403E+04 -0.571769E-01  0.217662E+04 -0.146107E+03  0.100264E+03
  0.159095E+00  0.268831E+04  0.124570E+03  0.419779E+02  0.223493E+01  0.000000E+00  0.228483E+04  0.228483E+04  0.229247E+04 -0.543612E-01  0.208356E+04 -0.595664E+03  0.111778E+03
  0.164426E+00  0.257538E+04  0.542023E+02 -0.125739E+02  0.145181E+01  0.000000E+00  0.217860E+04  0.217860E+04  0.217657E+04 -0.516048E-01  0.199557E+04 -0.787196E+03  0.112334E+03
  0.169756E+00  0.246987E+04 -0.117861E+02 -0.487890E+02  0.404939E+01  0.000000E+00  0.207932E+04  0.207932E+04  0.207124E+04 -0.490410E-01  0.191193E+04 -0.704689E+03  0.102310E+03
  0.175086E+00  0.237104E+04 -0.575630E+02 -0.603983E+02  0.641487E+01  0.000000E+00  0.198883E+04  0.198883E+04  0.197901E+04 -0.467653E-01  0.183247E+04 -0.407639E+03  0.849221E+02
  0.180416E+00  0.227825E+04 -0.750170E+02 -0.495082E+02  0.586907E+01  0.000000E+00  0.190790E+04  0.190790E+04  0.189993E+04 -0.448136E-01  0.175734E+04 -0.515184E+01  0.648417E+02
  0.185746E+00  0.219101E+04 -0.645667E+02 -0.242784E+02  0.306268E+01  0.000000E+00  0.183603E+04  0.183603E+04  0.183214E+04 -0.431607E-01  0.168678E+04  0.379995E+03  0.466967E+02
  0.191077E+00  0.210888E+04 -0.336779E+02  0.468083E+01  0.785477E+00  0.000000E+00  0.177169E+04  0.177169E+04  0.177261E+04 -0.417377E-01  0.162092E+04  0.646246E+03  0.338575E+02
  0.196407E+00  0.203150E+04  0.617680E+01  0.278971E+02  0.913313E+00  0.000000E+00  0.171276E+04  0.171276E+04  0.171777E+04 -0.404549E-01  0.155969E+04  0.737761E+03  0.277768E+02
  0.201737E+00  0.195858E+04  0.430924E+02  0.395715E+02  0.271917E+01  0.000000E+00  0.165713E+04  0.165713E+04  0.166440E+04 -0.392276E-01  0.150282E+04  0.653228E+03  0.279530E+02
  0.207067E+00  0.188980E+04  0.678433E+02  0.385260E+02  0.396423E+01  0.000000E+00  0.160307E+04  0.160307E+04  0.161031E+04 -0.379940E-01  0.144984E+04  0.438671E+03  0.324129E+02
  0.212397E+00  0.182487E+04  0.758037E+02  0.276015E+02  0.329900E+01  0.000000E+00  0.154961E+04  0.154961E+04  0.155486E+04 -0.367260E-01  0.140022E+04  0.168452E+03  0.384930E+02
  0.217728E+00  0.176352E+04  0.673924E+02  0.119915E+02  0.145418E+01  0.000000E+00  0.149658E+04  0.149658E+04  0.149887E+04 -0.354294E-01  0.135340E+04 -0.787391E+02  0.436592E+02
  0.223058E+00  0.170545E+04  0.471565E+02 -0.278473E+01  0.235189E+00  0.000000E+00  0.144447E+04  0.144447E+04  0.144401E+04 -0.341352E-01  0.130893E+04 -0.241655E+03  0.461404E+02
  0.228388E+00  0.165041E+04  0.219473E+02 -0.125933E+02  0.604389E+00  0.000000E+00  0.139413E+04  0.139413E+04  0.139199E+04 -0.328852E-01  0.126646E+04 -0.290390E+03  0.452456E+02
  0.233718E+00  0.159817E+04 -0.119724E+01 -0.156367E+02  0.184749E+01  0.000000E+00  0.134646E+04  0.134646E+04  0.134394E+04 -0.317178E-01  0.122580E+04 -0.229789E+03  0.413379E+02
  0.239048E+00  0.154850E+04 -0.168764E+02 -0.125096E+02  0.249608E+01  0.000000E+00  0.130215E+04  0.130215E+04  0.130025E+04 -0.306563E-01  0.118687E+04 -0.929757E+02  0.355367E+02
  0.244379E+00  0.150123E+04 -0.224400E+02 -0.552511E+01  0.187238E+01  0.000000E+00  0.126144E+04  0.126144E+04  0.126070E+04 -0.297047E-01  0.114970E+04  0.717621E+02  0.292775E+02
  0.249709E+00  0.145619E+04 -0.182201E+02  0.233988E+01  0.658052E+00  0.000000E+00  0.122415E+04  0.122415E+04  0.122464E+04 -0.288501E-01  0.111430E+04  0.216173E+03  0.238731E+02
  0.255039E+00  0.141325E+04 -0.696531E+01  0.848218E+01  0.485354E-01  0.000000E+00  0.118974E+04  0.118974E+04  0.119123E+04 -0.280682E-01  0.108069E+04  0.304888E+03  0.201905E+02
  0.260369E+00  0.137227E+04  0.724712E+01  0.113809E+02  0.501570E+00  0.000000E+00  0.115745E+04  0.115745E+04  0.115951E+04 -0.273313E-01  0.104881E+04  0.322809E+03  0.185077E+02
  0.265699E+00  0.133316E+04  0.202582E+02  0.108280E+02  0.136728E+01  0.000000E+00  0.112654E+04  0.112654E+04  0.112860E+04 -0.266154E-01  0.101859E+04  0.275896E+03  0.185533E+02
  0.271030E+00  0.129579E+04  0.288918E+02  0.770992E+01  0.166315E+01  0.000000E+00  0.109641E+04  0.109641E+04  0.109797E+04 -0.259047E-01  0.989874E+03  0.186196E+03  0.196820E+02
  0.276360E+00  0.126009E+04  0.315961E+02  0.349984E+01  0.109229E+01  0.000000E+00  0.106675E+04  0.106675E+04  0.106750E+04 -0.251936E-01  0.962525E+03  0.833998E+02  0.211144E+02
  0.281690E+00  0.122594E+04  0.285667E+02 -0.320667E+00  0.263915E+00  0.000000E+00  0.103750E+04  0.103750E+04  0.103748E+04 -0.244862E-01  0.936388E+03 -0.425803E+01  0.221645E+02
  0.287020E+00  0.119326E+04  0.214096E+02 -0.271765E+01 -0.153723E-01  0.000000E+00  0.100884E+04  0.100884E+04  0.100836E+04 -0.237924E-01  0.911331E+03 -0.571730E+02  0.223972E+02
  0.292350E+00  0.116195E+04  0.125046E+02 -0.332301E+01  0.428468E+00  0.000000E+00  0.981057E+03  0.981057E+03  0.980526E+03 -0.231245E-01  0.887255E+03 -0.680486E+02  0.216891E+02
  0.297681E+00  0.113194E+04  0.428153E+01 -0.239837E+01  0.102842E+01  0.000000E+00  0.954475E+03  0.954475E+03  0.954179E+03 -0.224922E-01  0.864094E+03 -0.416884E+02  0.201965E+02
  0.303011E+00  0.110315E+04 -0.139761E+01 -0.611473E+00  0.112237E+01  0.000000E+00  0.929319E+03  0.929319E+03  0.929348E+03 -0.219005E-01  0.841814E+03  0.835256E+01  0.182571E+02
  0.308341E+00  0.107550E+04 -0.360830E+01  0.126394E+01  0.628417E+00  0.000000E+00  0.905674E+03  0.905674E+03  0.905972E+03 -0.213492E-01  0.820400E+03  0.648192E+02  0.162650E+02
  0.313671E+00  0.104894E+04 -0.243777E+01  0.261317E+01  0.689466E-01  0.000000E+00  0.883474E+03  0.883474E+03  0.883941E+03 -0.208334E-01  0.799838E+03  0.111867E+03  0.145579E+02
  0.319001E+00  0.102340E+04  0.120570E+01  0.313481E+01 -0.158650E-01  0.000000E+00  0.862526E+03  0.862526E+03  0.863074E+03 -0.203459E-01  0.780109E+03  0.138880E+03  0.133421E+02
  0.324331E+00  0.998826E+03  0.595651E+01  0.286007E+01  0.384676E+00  0.000000E+00  0.842571E+03  0.842571E+03  0.843120E+03 -0.198789E-01  0.761182E+03  0.142243E+03  0.126667E+02
  0.329662E+00  0.975180E+03  0.104066E+02  0.206199E+01  0.791181E+00  0.000000E+00  0.823347E+03  0.823347E+03  0.823805E+03 -0.194257E-01  0.743016E+03  0.124971E+03  0.124439E+02
  0.334992E+00  0.952412E+03  0.134600E+02  0.110917E+01  0.764839E+00  0.000000E+00  0.804642E+03  0.804642E+03  0.804930E+03 -0.189819E-01  0.725560E+03  0.947233E+02  0.124993E+02
  0.340322E+00  0.930479E+03  0.145505E+02  0.324417E+00  0.347829E+00  0.000000E+00  0.786333E+03  0.786333E+03  0.786432E+03 -0.185457E-01  0.708766E+03  0.610018E+02  0.126337E+02
  0.345652E+00  0.909340E+03  0.136900E+02 -0.107079E+00 -0.232483E-01  0.000000E+00  0.768385E+03  0.768385E+03  0.768363E+03 -0.181179E-01  0.692582E+03  0.324239E+02  0.126769E+02
  0.350982E+00  0.888957E+03  0.113690E+02 -0.161768E+00  0.432343E-02  0.000000E+00  0.750844E+03  0.750844E+03  0.750817E+03 -0.177008E-01  0.676965E+03  0.147462E+02  0.125233E+02
  0.356313E+00  0.869292E+03  0.835389E+01  0.571935E-01  0.348510E+00  0.000000E+00  0.733800E+03  0.733800E+03  0.733853E+03 -0.172972E-01  0.661880E+03  0.998825E+01  0.121436E+02
  0.361643E+00  0.850312E+03  0.545414E+01  0.387768E+00  0.613470E+00  0.000000E+00  0.717351E+03  0.717351E+03  0.717493E+03 -0.169094E-01  0.647302E+03  0.166555E+02  0.115747E+02
  0.366973E+00  0.831983E+03  0.331623E+01  0.678747E+00  0.518829E+00  0.000000E+00  0.701570E+03  0.701570E+03  0.701752E+03 -0.165386E-01  0.633213E+03  0.307787E+02  0.108963E+02
  0.372303E+00  0.814274E+03  0.229463E+01  0.837406E+00  0.175219E+00  0.000000E+00  0.686487E+03  0.686487E+03  0.686655E+03 -0.161846E-01  0.619601E+03  0.473510E+02  0.102022E+02
  0.377633E+00  0.797156E+03  0.241507E+01  0.844430E+00 -0.609589E-01  0.000000E+00  0.672082E+03  0.672082E+03  0.672223E+03 -0.158463E-01  0.606451E+03  0.617274E+02  0.957435E+01
  0.382964E+00  0.780603E+03  0.342393E+01  0.739381E+00  0.290166E-01  0.000000E+00  0.658293E+03  0.658293E+03  0.658426E+03 -0.155218E-01  0.593749E+03  0.706600E+02  0.906612E+01
  0.388294E+00  0.764589E+03  0.489701E+01  0.589410E+00  0.314181E+00  0.000000E+00  0.645031E+03  0.645031E+03  0.645172E+03 -0.152091E-01  0.581475E+03  0.727959E+02  0.869536E+01
  0.393624E+00  0.749088E+03  0.636983E+01  0.456722E+00  0.475404E+00  0.000000E+00  0.632201E+03  0.632201E+03  0.632339E+03 -0.149060E-01  0.569609E+03  0.686318E+02  0.844773E+01
  0.398954E+00  0.734082E+03  0.745727E+01  0.376903E+00  0.346060E+00  0.000000E+00  0.619728E+03  0.619728E+03  0.619836E+03 -0.146110E-01  0.558133E+03  0.600480E+02  0.828675E+01
  0.404284E+00  0.719548E+03  0.793144E+01  0.353277E+00  0.704021E-01  0.000000E+00  0.607556E+03  0.607556E+03  0.607627E+03 -0.143231E-01  0.547024E+03  0.496123E+02  0.816643E+01
  0.409615E+00  0.705466E+03  0.775096E+01  0.365261E+00 -0.679045E-01  0.000000E+00  0.595662E+03  0.595662E+03  0.595718E+03 -0.140418E-01  0.536260E+03  0.398635E+02  0.804372E+01
  0.414945E+00  0.691817E+03  0.703852E+01  0.383881E+00  0.532996E-01  0.000000E+00  0.584048E+03  0.584048E+03  0.584122E+03 -0.137675E-01  0.525824E+03  0.327374E+02  0.788744E+01
  0.420275E+00  0.678581E+03  0.602474E+01  0.386557E+00  0.281611E+00  0.000000E+00  0.572736E+03  0.572736E+03  0.572838E+03 -0.135006E-01  0.515699E+03  0.292359E+02  0.768280E+01
  0.425605E+00  0.665743E+03  0.497455E+01  0.365420E+00  0.366461E+00  0.000000E+00  0.561753E+03  0.561753E+03  0.561862E+03 -0.132418E-01  0.505872E+03  0.293654E+02  0.743132E+01
  0.430935E+00  0.653286E+03  0.411869E+01  0.327336E+00  0.223132E+00  0.000000E+00  0.551122E+03  0.551122E+03  0.551207E+03 -0.129914E-01  0.496335E+03  0.323084E+02  0.714718E+01
  0.436266E+00  0.641195E+03  0.360455E+01  0.287514E+00  0.769553E-02  0.000000E+00  0.540853E+03  0.540853E+03  0.540904E+03 -0.127494E-01  0.487079E+03  0.367473E+02  0.685149E+01
  0.441596E+00  0.629455E+03  0.347448E+01  0.260758E+00 -0.603202E-01  0.000000E+00  0.530940E+03  0.530940E+03  0.530978E+03 -0.125157E-01  0.478095E+03  0.412447E+02  0.656616E+01
  0.446926E+00  0.618052E+03  0.367389E+01  0.254505E+00  0.721732E-01  0.000000E+00  0.521363E+03  0.521363E+03  0.521417E+03 -0.122899E-01  0.469374E+03  0.445886E+02  0.630867E+01
  0.452256E+00  0.606974E+03  0.407979E+01  0.266255E+00  0.248830E+00  0.000000E+00  0.512092E+03  0.512092E+03  0.512169E+03 -0.120712E-01  0.460907E+03  0.460308E+02  0.608888E+01
  0.457586E+00  0.596208E+03  0.454170E+01  0.285713E+00  0.278932E+00  0.000000E+00  0.503093E+03  0.503093E+03  0.503177E+03 -0.118589E-01  0.452684E+03  0.453846E+02  0.590805E+01
  0.462917E+00  0.585742E+03  0.492098E+01  0.300009E+00  0.135813E+00  0.000000E+00  0.494334E+03  0.494334E+03  0.494403E+03 -0.116523E-01  0.444694E+03  0.429791E+02  0.575996E+01
  0.468247E+00  0.575565E+03  0.512234E+01  0.299362E+00 -0.267619E-01  0.000000E+00  0.485790E+03  0.485790E+03  0.485839E+03 -0.114507E-01  0.436929E+03  0.395041E+02  0.563357E+01
  0.473577E+00  0.565665E+03  0.510874E+01  0.280804E+00 -0.448902E-01  0.000000E+00  0.477446E+03  0.477446E+03  0.477490E+03 -0.112538E-01  0.429376E+03  0.357947E+02  0.551630E+01
  0.478907E+00  0.556033E+03  0.490030E+01  0.248708E+00  0.860007E-01  0.000000E+00  0.469297E+03  0.469297E+03  0.469351E+03 -0.110616E-01  0.422027E+03  0.326151E+02  0.539712E+01
  0.484237E+00  0.546658E+03  0.455997E+01  0.212337E+00  0.216787E+00  0.000000E+00  0.461344E+03  0.461344E+03  0.461408E+03 -0.108740E-01  0.414873E+03  0.304902E+02  0.526877E+01
  0.489568E+00  0.537531E+03  0.417190E+01  0.181772E+00  0.208225E+00  0.000000E+00  0.453592E+03  0.453592E+03  0.453650E+03 -0.106913E-01  0.407906E+03  0.296187E+02  0.512877E+01
  0.494898E+00  0.528643E+03  0.381809E+01  0.164033E+00  0.738933E-01  0.000000E+00  0.446048E+03  0.446048E+03  0.446085E+03 -0.105134E-01  0.401121E+03  0.298751E+02  0.497909E+01
  0.500228E+00  0.519986E+03  0.355843E+01  0.160869E+00 -0.434386E-01  0.000000E+00  0.438712E+03  0.438712E+03  0.438735E+03 -0.103404E-01  0.394512E+03  0.308889E+02  0.482489E+01
  0.505558E+00  0.511550E+03  0.342193E+01  0.168800E+00 -0.272064E-01  0.000000E+00  0.431583E+03  0.431583E+03  0.431609E+03 -0.101722E-01  0.388074E+03  0.321705E+02  0.467267E+01
  0.510888E+00  0.503330E+03  0.340407E+01  0.181082E+00  0.942130E-01  0.000000E+00  0.424653E+03  0.424653E+03  0.424696E+03 -0.100088E-01  0.381801E+03  0.332477E+02  0.452842E+01
  0.516219E+00  0.495316E+03  0.347366E+01  0.190568E+00  0.185637E+00  0.000000E+00  0.417911E+03  0.417911E+03  0.417967E+03 -0.984992E-02  0.375688E+03  0.337761E+02  0.439627E+01
  0.521549E+00  0.487503E+03  0.358516E+01  0.192283E+00  0.151181E+00  0.000000E+00  0.411345E+03  0.411345E+03  0.411397E+03 -0.969513E-02  0.369730E+03  0.336025E+02  0.427772E+01
  0.526879E+00  0.479883E+03  0.369099E+01  0.184825E+00  0.310012E-01  0.000000E+00  0.404941E+03  0.404941E+03  0.404978E+03 -0.954414E-02  0.363921E+03  0.327701E+02  0.417176E+01
  0.532209E+00  0.472450E+03  0.375373E+01  0.170283E+00 -0.482867E-01  0.000000E+00  0.398688E+03  0.398688E+03  0.398712E+03 -0.939666E-02  0.358258E+03  0.314762E+02  0.407548E+01
  0.537539E+00  0.465198E+03  0.375271E+01  0.152923E+00 -0.964000E-02  0.000000E+00  0.392577E+03  0.392577E+03  0.392603E+03 -0.925254E-02  0.352732E+03  0.299985E+02  0.398509E+01
  0.542870E+00  0.458120E+03  0.368603E+01  0.137328E+00  0.975683E-01  0.000000E+00  0.386603E+03  0.386603E+03  0.386638E+03 -0.911165E-02  0.347340E+03  0.286141E+02  0.389696E+01
  0.548200E+00  0.451211E+03  0.356776E+01  0.126732E+00  0.155911E+00  0.000000E+00  0.380762E+03  0.380762E+03  0.380804E+03 -0.897396E-02  0.342077E+03  0.275325E+02  0.380844E+01
  0.553530E+00  0.444466E+03  0.342196E+01  0.122125E+00  0.105353E+00  0.000000E+00  0.375056E+03  0.375056E+03  0.375090E+03 -0.883941E-02  0.336938E+03  0.268568E+02  0.371825E+01
  0.558860E+00  0.437878E+03  0.327511E+01  0.122300E+00  0.218474E-02  0.000000E+00  0.369482E+03  0.369482E+03  0.369504E+03 -0.870800E-02  0.331919E+03  0.265768E+02  0.362650E+01
  0.564190E+00  0.431444E+03  0.314969E+01  0.124684E+00 -0.457991E-01  0.000000E+00  0.364040E+03  0.364040E+03  0.364057E+03 -0.857970E-02  0.327018E+03  0.265917E+02  0.353440E+01
  0.569521E+00  0.425158E+03  0.305953E+01  0.126491E+00  0.613296E-02  0.000000E+00  0.358729E+03  0.358729E+03  0.358752E+03 -0.845448E-02  0.322229E+03  0.267507E+02  0.344366E+01
  0.619992E+00  0.372169E+03  0.278982E+01  0.139002E+00  0.455678E-02  0.000000E+00  0.314037E+03  0.314037E+03  0.314062E+03 -0.740110E-02  0.281894E+03  0.235856E+02  0.276538E+01
  0.757260E+00  0.270959E+03  0.200931E+01  0.436214E-01  0.165086E-01  0.000000E+00  0.228632E+03  0.228632E+03  0.228642E+03 -0.538772E-02  0.204970E+03  0.173268E+02  0.164472E+01
  0.924920E+00  0.196287E+03  0.144527E+01  0.221543E-01  0.115465E-01  0.000000E+00  0.165623E+03  0.165623E+03  0.165628E+03 -0.390272E-02  0.148323E+03  0.125970E+02  0.974007E+00
  0.112970E+01  0.141551E+03  0.103749E+01  0.105351E-01  0.821045E-02  0.000000E+00  0.119437E+03  0.119437E+03  0.119440E+03 -0.281430E-02  0.106864E+03  0.909408E+01  0.574440E+00
  0.137982E+01  0.101659E+03  0.743762E+00  0.508382E-02  0.662736E-02  0.000000E+00  0.857772E+02  0.857772E+02  0.857789E+02 -0.202112E-02  0.766865E+02  0.653687E+01  0.337448E+00
  0.168531E+01  0.727354E+02  0.531273E+00  0.243981E-02  0.238184E-02  0.000000E+00  0.613722E+02  0.613722E+02  0.613729E+02 -0.144606E-02  0.548304E+02  0.467975E+01  0.197515E+00
  0.205845E+01  0.518630E+02  0.378123E+00  0.116691E-02  0.180659E-02  0.000000E+00  0.437605E+02  0.437605E+02  0.437609E+02 -0.103108E-02  0.390726E+02  0.333814E+01  0.115226E+00
  0.251419E+01  0.368645E+02  0.268571E+00  0.556355E-03 -0.354915E-05  0.000000E+00  0.311052E+02  0.311052E+02  0.311053E+02 -0.732891E-03  0.277583E+02  0.237341E+01  0.670163E-01
  0.307084E+01  0.261284E+02  0.190287E+00  0.264483E-03  0.245317E-03  0.000000E+00  0.220463E+02  0.220463E+02  0.220464E+02 -0.519447E-03  0.196650E+02  0.168251E+01  0.388683E-01
  0.375073E+01  0.184701E+02  0.134483E+00  0.125395E-03  0.257603E-03  0.000000E+00  0.155845E+02  0.155845E+02  0.155846E+02 -0.367195E-03  0.138953E+02  0.118951E+01  0.224849E-01
  0.458115E+01  0.130249E+02  0.948396E-01  0.593050E-04  0.133141E-03  0.000000E+00  0.109900E+02  0.109900E+02  0.109900E+02 -0.258941E-03  0.979512E+01  0.838903E+00  0.129764E-01
  0.559543E+01  0.916441E+01  0.667229E-01  0.279842E-04  0.516233E-04  0.000000E+00  0.773264E+01  0.773264E+01  0.773265E+01 -0.182192E-03  0.688958E+01  0.590296E+00  0.747242E-02
  0.683428E+01  0.643479E+01  0.468408E-01  0.131769E-04  0.615677E-04  0.000000E+00  0.542947E+01  0.542947E+01  0.542948E+01 -0.127926E-03  0.483603E+01  0.414495E+00  0.429421E-02
  0.834741E+01  0.450955E+01  0.328275E-01  0.619260E-05 -0.133141E-04  0.000000E+00  0.380501E+01  0.380501E+01  0.380501E+01 -0.896516E-04  0.338817E+01  0.290490E+00  0.246314E-02
  0.101955E+02  0.315471E+01  0.229664E-01  0.290499E-05 -0.191503E-04  0.000000E+00  0.266184E+01  0.266184E+01  0.266184E+01 -0.627169E-04  0.236963E+01  0.203221E+00  0.141037E-02
  0.124529E+02  0.220327E+01  0.160399E-01  0.136047E-05 -0.321419E-04  0.000000E+00  0.185905E+01  0.185905E+01  0.185904E+01 -0.438018E-04  0.165457E+01  0.141933E+00  0.806251E-03
  0.152100E+02  0.153640E+01  0.111845E-01  0.636127E-06  0.131019E-04  0.000000E+00  0.129637E+01  0.129637E+01  0.129637E+01 -0.305443E-04  0.115353E+01  0.989752E-01  0.460198E-03
  0.185775E+02  0.106984E+01  0.778854E-02  0.297010E-06 -0.216871E-04  0.000000E+00  0.902696E+00  0.902696E+00  0.902694E+00 -0.212688E-04  0.803074E+00  0.689198E-01  0.262303E-03
  0.226906E+02  0.743959E+00  0.541604E-02  0.138484E-06  0.136957E-04  0.000000E+00  0.627730E+00  0.627730E+00  0.627731E+00 -0.147902E-04  0.558349E+00  0.479266E-01  0.149309E-03
  0.277144E+02  0.516693E+00  0.376165E-02  0.644875E-07  0.623941E-05  0.000000E+00  0.435970E+00  0.435970E+00  0.435970E+00 -0.102721E-04  0.387716E+00  0.332859E-01  0.848847E-04
  0.338504E+02  0.358431E+00  0.260959E-02  0.299940E-07 -0.479610E-05  0.000000E+00  0.302433E+00  0.302433E+00  0.302432E+00 -0.712575E-05  0.268916E+00  0.230903E-01  0.482022E-04
  0.413450E+02  0.248369E+00  0.180826E-02  0.139349E-07 -0.538386E-05  0.000000E+00  0.209566E+00  0.209566E+00  0.209565E+00 -0.493767E-05  0.186313E+00  0.159998E-01  0.273419E-04
  0.504989E+02  0.171924E+00  0.125171E-02  0.646708E-08 -0.148798E-05  0.000000E+00  0.145064E+00  0.145064E+00  0.145064E+00 -0.341791E-05  0.128949E+00  0.110750E-01  0.154932E-04
  0.616795E+02  0.118891E+00  0.865612E-03  0.299835E-08 -0.340462E-05  0.000000E+00  0.100316E+00  0.100316E+00  0.100316E+00 -0.236360E-05  0.891609E-01  0.765843E-02  0.877069E-05
  0.753355E+02  0.821409E-01  0.598035E-03  0.138880E-08 -0.550679E-06  0.000000E+00  0.693080E-01  0.693080E-01  0.693079E-01 -0.163299E-05  0.615930E-01  0.529084E-02  0.496055E-05
  0.920149E+02  0.567011E-01  0.412798E-03  0.642696E-09  0.195670E-05  0.000000E+00  0.478426E-01  0.478426E-01  0.478429E-01 -0.112724E-05  0.425121E-01  0.365187E-02  0.280318E-05
  0.112387E+03  0.391078E-01  0.284695E-03  0.297166E-09  0.126451E-05  0.000000E+00  0.329980E-01  0.329980E-01  0.329981E-01 -0.777479E-06  0.293181E-01  0.251840E-02  0.158277E-05
  0.137270E+03  0.269524E-01  0.196184E-03  0.137292E-09 -0.117591E-05  0.000000E+00  0.227416E-01  0.227416E-01  0.227415E-01 -0.535824E-06  0.202034E-01  0.173526E-02  0.892999E-06
  0.167662E+03  0.185613E-01  0.135080E-03  0.633771E-10 -0.548090E-06  0.000000E+00  0.156614E-01  0.156614E-01  0.156613E-01 -0.369005E-06  0.139121E-01  0.119463E-02  0.503464E-06
  0.204783E+03  0.127736E-01  0.929332E-04  0.292325E-10  0.538527E-06  0.000000E+00  0.107779E-01  0.107779E-01  0.107780E-01 -0.253943E-06  0.957316E-02  0.821723E-03  0.283654E-06
  0.250123E+03  0.878471E-02  0.638842E-04  0.134731E-10  0.286216E-06  0.000000E+00  0.741225E-02  0.741225E-02  0.741229E-02 -0.174643E-06  0.658312E-02  0.564707E-03  0.159710E-06
  0.305501E+03  0.603761E-02  0.438773E-04  0.620460E-11  0.222966E-06  0.000000E+00  0.509433E-02  0.509433E-02  0.509436E-02 -0.120030E-06  0.452410E-02  0.387691E-03  0.898701E-07
  0.373139E+03  0.414706E-02  0.301077E-04  0.285484E-11 -0.137843E-06  0.000000E+00  0.349915E-02  0.349915E-02  0.349913E-02 -0.824449E-07  0.310722E-02  0.265860E-03  0.505429E-07
  0.455753E+03  0.284684E-02  0.206368E-04  0.131229E-11 -0.625136E-07  0.000000E+00  0.240206E-02  0.240206E-02  0.240206E-02 -0.565960E-07  0.213286E-02  0.182062E-03  0.284110E-07
  0.556659E+03  0.195320E-02  0.141268E-04  0.602522E-12 -0.924267E-07  0.000000E+00  0.164804E-02  0.164804E-02  0.164802E-02 -0.388301E-07  0.146323E-02  0.124458E-03  0.159633E-07
  0.679904E+03  0.133938E-02  0.965448E-05  0.276261E-12  0.431790E-07  0.000000E+00  0.113011E-02  0.113011E-02  0.113012E-02 -0.266270E-07  0.100332E-02  0.848839E-04  0.896612E-08
  0.830437E+03  0.917992E-03  0.658372E-05  0.126443E-12 -0.546404E-07  0.000000E+00  0.774557E-03  0.774557E-03  0.774551E-03 -0.182497E-07  0.687615E-03  0.577097E-04  0.503469E-08
  0.101430E+04  0.628879E-03  0.447641E-05  0.577335E-13 -0.338389E-07  0.000000E+00  0.530612E-03  0.530612E-03  0.530608E-03 -0.125020E-07  0.471026E-03  0.390606E-04  0.282675E-08
  0.123887E+04  0.430619E-03  0.303101E-05  0.262756E-13  0.255860E-07  0.000000E+00  0.363326E-03  0.363326E-03  0.363329E-03 -0.856048E-08  0.322510E-03  0.262697E-04  0.158717E-08
  0.151316E+04  0.294731E-03  0.204026E-05  0.119048E-13 -0.180778E-07  0.000000E+00  0.248668E-03  0.248668E-03  0.248666E-03 -0.585898E-08  0.220724E-03  0.175044E-04  0.891429E-09
  0.184817E+04  0.201640E-03  0.136177E-05  0.535969E-14  0.128642E-07  0.000000E+00  0.170121E-03  0.170121E-03  0.170122E-03 -0.400829E-08  0.150999E-03  0.115069E-04  0.500970E-09
  0.225736E+04  0.137895E-03  0.897861E-06  0.239185E-14  0.730971E-08  0.000000E+00  0.116335E-03  0.116335E-03  0.116336E-03 -0.274101E-08  0.103257E-03  0.741516E-05  0.281812E-09
  0.275714E+04  0.942651E-04  0.581653E-06  0.105458E-14 -0.735584E-09  0.000000E+00  0.795215E-04  0.795215E-04  0.795214E-04 -0.187364E-08  0.705827E-04  0.464044E-05  0.158748E-09
  0.336759E+04  0.644152E-04  0.367449E-06  0.457529E-15 -0.407193E-08  0.000000E+00  0.543355E-04  0.543355E-04  0.543350E-04 -0.128022E-08  0.482292E-04  0.278156E-05  0.895769E-10
  0.411318E+04  0.440015E-04  0.224094E-06  0.194621E-15  0.107290E-08  0.000000E+00  0.371120E-04  0.371120E-04  0.371121E-04 -0.874411E-09  0.329430E-04  0.156553E-05  0.506342E-10
  0.502385E+04  0.300467E-04  0.130296E-06  0.810017E-16  0.108242E-08  0.000000E+00  0.253386E-04  0.253386E-04  0.253387E-04 -0.597013E-09  0.224940E-04  0.804435E-06  0.286561E-10
  0.613614E+04  0.205106E-04  0.712771E-07  0.331434E-16  0.331074E-09  0.000000E+00  0.172939E-04  0.172939E-04  0.172940E-04 -0.407469E-09  0.153539E-04  0.363589E-06  0.162151E-10
  0.749470E+04  0.139965E-04  0.363558E-07  0.135046E-16  0.347749E-11  0.000000E+00  0.117995E-04  0.117995E-04  0.117995E-04 -0.278013E-09  0.104769E-04  0.138646E-06  0.915582E-11
  0.915405E+04  0.954824E-05  0.173557E-07  0.560274E-17  0.524566E-09  0.000000E+00  0.804830E-05  0.804830E-05  0.804836E-05 -0.189629E-09  0.714676E-05  0.437698E-07  0.515029E-11
  0.111808E+05  0.651172E-05  0.793146E-08  0.240102E-17 -0.387842E-09  0.000000E+00  0.548817E-05  0.548817E-05  0.548812E-05 -0.129309E-09  0.487366E-05  0.126144E-07  0.288576E-11
  0.136562E+05  0.443958E-05  0.358096E-08  0.105895E-17 -0.223913E-09  0.000000E+00  0.374146E-05  0.374146E-05  0.374143E-05 -0.881541E-10  0.332259E-05  0.448532E-08  0.161274E-11
  0.166798E+05  0.302597E-05  0.162778E-08  0.474651E-18 -0.159390E-09  0.000000E+00  0.255001E-05  0.255001E-05  0.254999E-05 -0.600818E-10  0.226453E-05  0.210885E-08  0.900298E-12
  0.203727E+05  0.206191E-05  0.743845E-09  0.214162E-18  0.847341E-10  0.000000E+00  0.173753E-05  0.173753E-05  0.173754E-05 -0.409387E-10  0.154299E-05  0.987735E-09  0.502388E-12
  0.248833E+05  0.140462E-05  0.339835E-09  0.969975E-19  0.157165E-10  0.000000E+00  0.118362E-05  0.118362E-05  0.118362E-05 -0.278877E-10  0.105107E-05  0.446507E-09  0.280249E-12
  0.303925E+05  0.956612E-06  0.155187E-09  0.440707E-19  0.378662E-10  0.000000E+00  0.806088E-06  0.806088E-06  0.806092E-06 -0.189926E-10  0.715802E-06  0.202352E-09  0.156281E-12
